# Index of mismatches for both baseagent and firstloop
# list out the difference to improve the firstloop 

firstloop count 228
base count 190
overlap 165
firstloop-only 63
base-only 25
overlap list:
 [16, 23, 37, 38, 62, 65, 66, 95, 96, 100, 102, 103, 104, 112, 113, 114, 116, 121, 122, 125, 126, 129, 130, 131, 132, 133, 134, 138, 140, 141, 142, 150, 151, 152, 159, 160, 161, 162, 165, 166, 167, 168, 172, 175, 176, 180, 182, 214, 225, 227, 258, 305, 306, 308, 311, 312, 361, 362, 387, 388, 403, 404, 447, 448, 463, 464, 465, 466, 468, 471, 483, 486, 493, 500, 504, 511, 526, 530, 531, 533, 534, 536, 541, 542, 548, 549, 550, 554, 561, 572, 575, 576, 578, 579, 580, 581, 583, 584, 610, 635, 637, 638, 641, 642, 646, 687, 713, 731, 745, 754, 755, 758, 759, 760, 761, 772, 773, 774, 777, 778, 779, 784, 785, 786, 796, 797, 810, 811, 816, 817, 818, 819, 820, 821, 844, 845, 850, 851, 885, 899, 901, 914, 915, 921, 924, 926, 936, 937, 942, 943, 944, 945, 950, 951, 957, 960, 961, 966, 967, 996, 997, 998, 999, 1007, 1033]
first-only list:
 [34, 40, 44, 75, 98, 101, 107, 111, 115, 117, 137, 139, 153, 156, 169, 170, 173, 174, 178, 229, 230, 315, 316, 345, 346, 380, 398, 467, 469, 472, 484, 489, 494, 517, 629, 630, 634, 636, 673, 674, 724, 725, 730, 740, 766, 782, 783, 798, 832, 833, 861, 884, 906, 907, 920, 956, 970, 974, 986, 987, 988, 989, 1027]
base-only list:
 [6, 7, 61, 97, 99, 171, 226, 228, 309, 367, 368, 369, 370, 439, 498, 505, 547, 558, 574, 587, 623, 645, 656, 756, 925]