16
23
31
37
38
61
62
65
66
95
96
97
98
99
100
101
102
111
112
113
114
115
116
121
122
125
126
129
130
131
132
133
134
137
138
139
140
141
142
150
151
152
153
157
160
161
162
165
166
167
168
170
171
174
175
176
180
182
214
225
227
229
230
231
232
258
305
306
308
311
312
315
316
342
345
346
361
362
379
380
387
388
398
403
439
447
448
463
465
466
469
471
484
486
493
499
500
504
511
517
526
530
531
533
535
536
541
542
547
548
549
550
554
561
564
572
575
578
579
580
581
583
584
595
610
626
630
635
636
637
641
642
645
646
673
674
713
724
728
731
745
754
755
758
760
761
767
772
773
774
777
778
779
782
783
785
786
796
797
810
811
816
817
818
819
820
821
844
845
850
851
883
884
885
899
901
905
906
907
914
915
920
921
923
924
925
936
937
942
943
944
945
950
951
956
957
960
961
966
967
986
987
996
997
998
999
1007
1027
1033