16
23
37
38
43
44
65
66
75
78
95
96
97
98
99
100
101
102
106
107
108
111
112
113
114
115
116
121
122
125
126
129
130
131
132
133
134
138
139
140
141
142
150
151
152
153
159
160
161
162
165
166
167
168
170
171
172
175
176
180
182
196
198
214
225
227
230
258
305
306
308
311
312
315
316
336
345
346
361
362
380
387
388
398
403
420
439
447
448
463
464
465
466
469
470
472
483
484
486
493
494
500
504
511
512
517
526
530
531
533
535
536
541
542
549
550
554
561
572
575
576
578
579
580
581
583
584
610
623
629
630
635
636
637
638
641
642
673
674
679
687
713
724
725
728
730
731
741
745
754
755
758
760
761
767
772
773
774
777
778
779
784
785
786
796
797
810
811
816
817
818
819
820
821
844
845
850
851
883
884
885
886
899
901
904
905
906
907
909
914
915
920
921
922
923
925
936
937
942
943
944
945
950
951
960
961
966
967
970
987
996
998
999
1007
1032
1033