16
23
34
37
38
40
44
62
65
66
75
95
96
98
100
101
102
103
104
107
111
112
113
114
115
116
117
121
122
125
126
129
130
131
132
133
134
137
138
139
140
141
142
150
151
152
153
156
159
160
161
162
165
166
167
168
169
170
172
173
174
175
176
178
180
182
214
225
227
229
230
258
305
306
308
311
312
315
316
345
346
361
362
380
387
388
398
403
404
447
448
463
464
465
466
467
468
469
471
472
483
484
486
489
493
494
500
504
511
517
526
530
531
533
534
536
541
542
548
549
550
554
561
572
575
576
578
579
580
581
583
584
610
629
630
634
635
636
637
638
641
642
646
673
674
687
713
724
725
730
731
740
745
754
755
758
759
760
761
766
772
773
774
777
778
779
782
783
784
785
786
796
797
798
810
811
816
817
818
819
820
821
832
833
844
845
850
851
861
884
885
899
901
906
907
914
915
920
921
924
926
936
937
942
943
944
945
950
951
956
957
960
961
966
967
970
974
986
987
988
989
996
997
998
999
1007
1027
1033