6
7
16
23
37
38
58
65
66
95
96
97
98
99
100
101
102
103
111
112
113
114
115
116
121
122
125
126
129
130
131
132
133
134
139
140
141
150
152
153
157
158
161
162
165
166
167
168
169
171
172
175
176
180
214
225
226
227
228
231
232
245
258
305
306
311
312
315
316
345
346
361
362
380
387
388
392
403
420
427
439
447
448
463
464
465
469
470
471
472
486
493
500
504
511
512
526
531
535
536
541
542
547
549
550
554
558
561
563
566
572
575
576
578
579
580
581
583
584
610
629
635
636
638
641
642
673
674
713
730
731
740
743
754
755
756
758
760
761
772
773
774
777
778
779
784
785
786
787
798
810
811
815
816
817
818
819
820
821
832
833
844
845
850
851
884
885
896
899
904
905
906
907
915
920
921
924
925
936
937
942
943
944
945
950
951
958
959
960
961
967
988
989
993
996
998
999
1007
1032
1033